   0.0000000e+00   0.0000000e+00
   3.3069396e-01   3.2469947e-01
   6.6138793e-01   6.1421271e-01
   9.9208189e-01   8.3716648e-01
   1.3227759e+00   9.6940027e-01
   1.6534698e+00   9.9658449e-01
   1.9841638e+00   9.1577333e-01
   2.3148577e+00   7.3572391e-01
   2.6455517e+00   4.7594739e-01
   2.9762457e+00   1.6459459e-01
   3.3069396e+00  -1.6459459e-01
   3.6376336e+00  -4.7594739e-01
   3.9683276e+00  -7.3572391e-01
   4.2990215e+00  -9.1577333e-01
   4.6297155e+00  -9.9658449e-01
   4.9604095e+00  -9.6940027e-01
   5.2911034e+00  -8.3716648e-01
   5.6217974e+00  -6.1421271e-01
   5.9524913e+00  -3.2469947e-01
   6.2831853e+00  -2.4492936e-16
